11196 539
7868 316
12220 277
14020 215
11679 210
3228 207
679 204
2257 169
8689 162
20979 161
26722 158
29203 141
15138 137
504 137
4949 136
11080 136
155 133
7105 122
12168 116
11176 114
2683 109
12394 109
15019 108
21110 106
10329 104
20297 97
12285 92
2655 92
19862 88
11652 86
14261 85
25372 85
21372 85
20803 82
18730 81
18075 77
4078 77
3627 76
21092 75
16540 74
14294 71
28937 71
949 71
16110 70
14580 70
2963 69
26754 67
251 63
20536 61
21865 59
21672 59
13020 59
23421 59
25618 58
23896 56
15639 55
27205 55
15159 54
22317 54
13592 52
23774 52
27791 51
8637 50
1831 50
17438 50
18024 49
20180 49
17020 49
28149 48
3723 46
2899 46
20300 45
11767 44
9563 44
12512 44
10840 44
28653 43
23928 43
6080 43
20207 43
28992 42
11465 42
24519 42
23623 42
241 40
24969 40
22359 40
11849 40
1428 40
10970 39
6352 39
16550 39
19539 39
25240 39
19891 39
16918 38
9111 38
15446 37
29099 37
4220 37
1666 37
12977 37
5285 36
20846 36
12189 36
5429 36
15831 35
20083 34
143 34
5712 34
28270 34
19660 34
18805 34
16463 34
26485 33
27906 33
13093 33
28411 33
4960 33
23214 33
21838 33
9848 33
15721 33
19374 32
28481 32
4808 32
4731 31
26288 31
24977 31
11790 31
24831 31
21950 31
24274 31
22489 30
26973 30
27544 30
13087 30
8662 30
27052 30
11263 30
2945 30
17647 30
15534 30
6326 30
26969 29
23656 29
18575 29
21078 29
2610 29
8257 29
20154 29
19197 29
25488 29
12159 29
23475 28
25169 28
18180 28
22749 28
4571 28
11431 28
9838 28
28924 28
14119 28
7692 28
5848 27
25420 27
13450 27
14942 27
18758 27
25687 27
2826 27
5896 27
13554 27
23662 26
13888 26
27117 26
10176 26
17060 26
25029 26
19993 26
647 26
554 25
15661 25
25424 25
15934 25
21657 25
23735 25
22400 25
22556 25
22052 25
4239 25
14413 25
6571 24
27155 24
15584 24
2367 24
12329 24
16406 24
21336 24
3384 24
20425 24
10948 24
10058 24
16818 23
16939 23
1966 23
8628 23
25092 23
8027 23
24978 23
1731 23
11280 23
2033 23
14914 23
2669 23
12230 22
7552 22
4080 22
13779 22
18736 22
682 21
15672 21
22246 21
24601 21
2999 21
527 21
12055 21
28466 21
21975 21
6740 21
29008 21
25117 20
4254 20
11578 20
6348 20
25570 20
25086 20
14533 20
22852 20
21071 20
2605 20
21334 20
8327 20
6672 20
10584 20
21796 20
29022 20
24503 20
7473 20
22736 19
5267 19
239 19
2227 19
12914 19
28065 19
5640 19
13430 19
18013 19
23409 19
22547 19
29445 19
3720 18
22499 18
18544 18
21899 18
18741 18
11328 18
23351 18
7179 18
8738 18
20630 18
10014 18
26728 18
5598 18
11857 18
12175 18
22680 18
26736 17
28391 17
21659 17
6401 17
22319 17
8693 17
12606 17
8943 16
14273 16
16722 16
1773 16
19615 16
9906 16
9549 16
1739 16
6880 16
21844 16
12795 16
16323 16
14575 16
19475 16
16564 16
10916 16
6908 16
25651 16
19523 16
21747 16
6828 16
9688 16
6482 16
8565 16
23538 16
19974 15
22484 15
27508 15
16716 15
17747 15
8702 15
12586 15
25631 15
19903 15
13240 15
19814 15
24281 15
11175 15
27210 15
15638 15
15086 15
18508 15
11447 15
26315 15
3590 15
1461 15
4683 15
4939 15
29197 15
5779 15
12560 15
20184 15
4648 15
10480 14
19381 14
19702 14
27272 14
20471 14
20648 14
7323 14
26523 14
7560 14
11029 14
23284 14
13070 14
14266 14
26608 14
2729 14
12475 14
18611 14
27458 14
9486 14
3458 14
18515 14
3068 14
28049 14
4544 14
10908 14
21930 14
7354 14
14482 14
6868 14
29472 14
4059 14
12352 14
14165 14
18227 14
1672 14
22126 14
2128 14
4667 14
1591 14
20516 14
7624 14
3151 14
29490 14
28059 14
17641 14
21758 14
10702 13
8028 13
3329 13
9341 13
4510 13
26614 13
8193 13
937 13
15018 13
28605 13
2803 13
2173 13
7743 13
29446 13
5962 13
17055 13
7728 13
12358 13
1073 13
23793 13
4694 13
8965 13
28370 13
22077 13
26011 13
5330 13
27625 13
13737 12
23448 12
11612 12
24081 12
28985 12
6143 12
11624 12
2872 12
23516 12
24392 12
3324 12
28230 12
26546 12
22727 12
9195 12
10097 12
8511 12
7963 12
18996 12
3313 12
23134 12
4795 12
24015 12
13112 12
617 12
14025 12
11052 12
14577 12
3619 12
10914 12
6290 12
22420 12
11983 12
13162 12
27407 12
5796 12
13844 12
12173 12
13483 12
1642 12
17640 12
14120 12
21503 12
12017 11
26394 11
19574 11
7260 11
12132 11
18624 11
2198 11
6199 11
25260 11
12933 11
11000 11
16754 11
12133 11
3658 11
17400 11
22342 11
20826 11
20484 11
25820 11
3935 11
23563 11
17429 11
26619 11
25022 11
17327 11
19458 11
26699 11
3390 11
5094 11
14603 11
27168 11
15478 11
1293 11
28752 11
3774 10
27998 10
15718 10
18630 10
13830 10
6147 10
8719 10
22393 10
366 10
18388 10
24385 10
14469 10
13853 10
17986 10
5670 10
6431 10
16965 10
20902 10
26451 10
25830 10
28855 10
11687 10
24460 10
20127 10
2971 10
16887 10
24929 10
24922 10
7297 10
18002 10
20206 10
4647 10
3145 10
1335 10
23541 10
1533 10
12627 10
12283 10
18808 10
4919 10
4003 10
993 10
8816 10
18292 10
4750 10
11396 10
20750 10
18868 10
14415 10
27371 9
26378 9
20417 9
11378 9
5845 9
6364 9
12828 9
4281 9
13998 9
22244 9
12728 9
9290 9
3032 9
21683 9
21883 9
13460 9
8996 9
25888 9
14498 9
16217 9
17767 9
28410 9
1758 9
11330 9
7567 9
27035 9
14236 9
12327 9
15158 9
3926 9
3677 9
21995 9
3252 9
1903 9
17946 9
23025 9
15302 9
15365 9
19680 9
9053 9
24323 9
28631 9
27092 9
9138 9
20800 9
27415 9
13773 9
4691 9
9210 9
27179 9
21565 9
4411 9
18678 9
4329 9
4324 9
7708 9
5957 9
26216 9
8978 9
20751 9
9315 9
10893 8
19394 8
3991 8
1280 8
5620 8
374 8
16663 8
9242 8
2452 8
24898 8
20393 8
27543 8
20896 8
7059 8
23071 8
24541 8
1392 8
2432 8
21392 8
10193 8
22621 8
24026 8
13672 8
11018 8
17882 8
17158 8
17087 8
18990 8
28184 8
18196 8
17960 8
11060 8
13793 8
14931 8
768 8
25177 8
849 8
14952 8
18213 8
29077 8
3850 8
12068 8
6096 8
11329 8
28626 8
26314 8
28438 8
5416 8
29473 8
1432 8
23304 8
22367 8
26618 8
3804 8
25793 8
18529 8
16624 8
6104 8
12287 8
27435 8
27501 8
6621 8
10726 8
17958 8
9658 8
3362 8
11776 8
22916 8
28687 8
12016 7
24158 7
12490 7
15449 7
6148 7
7989 7
10151 7
1962 7
5474 7
5470 7
25733 7
23861 7
22731 7
3686 7
2513 7
12453 7
13512 7
24960 7
25090 7
14074 7
4618 7
10059 7
24196 7
25214 7
18964 7
1000 7
28899 7
7817 7
17577 7
5067 7
9392 7
5655 7
4452 7
15308 7
9817 7
5724 7
19796 7
19799 7
11073 7
21840 7
21841 7
20827 7
21681 7
29084 7
22889 7
8939 7
17945 7
5740 7
7856 7
11694 7
9120 7
6284 7
14150 7
24377 7
24788 7
18843 7
11203 7
2368 7
3047 7
17072 7
2000 7
18674 7
911 7
24277 7
3149 7
6918 7
13390 7
7096 7
3361 7
2176 7
10604 7
18597 7
29551 7
17119 7
6158 6
2267 6
7262 6
14242 6
19962 6
14523 6
18937 6
17835 6
6968 6
12489 6
28357 6
28641 6
22240 6
255 6
4528 6
20470 6
1979 6
28504 6
57 6
15507 6
23491 6
24942 6
20444 6
14071 6
14073 6
13084 6
3254 6
14182 6
25883 6
28087 6
22533 6
4172 6
17483 6
10232 6
15820 6
5627 6
14535 6
26665 6
5863 6
23340 6
16376 6
17407 6
16979 6
4970 6
27683 6
1037 6
2436 6
5015 6
4896 6
16411 6
27840 6
24009 6
7169 6
19279 6
16176 6
16311 6
21994 6
21684 6
15142 6
8799 6
26401 6
13757 6
19668 6
23829 6
14796 6
14159 6
11977 6
1917 6
6447 6
24471 6
16889 6
26127 6
14014 6
17061 6
14902 6
26788 6
29465 6
1253 6
16009 6
17458 6
24869 6
12165 6
21567 6
712 6
28035 6
444 6
23549 6
4076 6
2349 6
24878 6
13482 6
24059 6
12994 6
28791 6
5403 6
28008 6
19422 6
17676 6
13561 6
26005 6
17706 6
9657 6
10694 6
6827 6
18275 6
8210 6
28017 6
27637 6
24128 6
24726 6
16607 6
4709 6
8676 6
15897 6
27198 6
25933 6
19155 5
12702 5
10962 5
2319 5
25669 5
19973 5
24886 5
5185 5
14712 5
28561 5
13942 5
18146 5
7456 5
4039 5
19149 5
16485 5
3740 5
10718 5
15874 5
18712 5
7660 5
11969 5
16094 5
1547 5
8717 5
8530 5
13997 5
6178 5
21121 5
22447 5
19828 5
12212 5
20386 5
20388 5
26829 5
8148 5
18168 5
26545 5
22380 5
25635 5
25415 5
25386 5
25380 5
6980 5
8739 5
528 5
11007 5
23251 5
23482 5
22280 5
9275 5
13473 5
26267 5
934 5
14661 5
1481 5
7037 5
5254 5
8724 5
1222 5
13873 5
15558 5
8186 5
25360 5
19632 5
17153 5
4499 5
785 5
15946 5
28465 5
637 5
23007 5
27119 5
25207 5
12259 5
750 5
24348 5
15799 5
17959 5
27448 5
8278 5
398 5
9802 5
25526 5
17549 5
21847 5
11688 5
15423 5
2167 5
7340 5
22887 5
26894 5
23202 5
27261 5
4545 5
11734 5
6288 5
23160 5
27785 5
15401 5
22094 5
8122 5
13354 5
17680 5
29265 5
4338 5
12747 5
2353 5
27467 5
26114 5
2787 5
18496 5
3555 5
24306 5
14590 5
16628 5
5176 5
22330 5
15645 5
3074 5
9479 5
21581 5
27514 5
15390 5
23632 5
9066 5
23984 5
19431 5
23187 5
281 5
24986 5
5151 5
10136 5
5086 5
10555 5
6498 5
15471 5
16079 4
12705 4
5856 4
25596 4
14138 4
9633 4
24087 4
2684 4
26972 4
24715 4
7071 4
1282 4
8389 4
28967 4
2270 4
26380 4
3699 4
17653 4
17758 4
9620 4
10714 4
6215 4
6219 4
8313 4
15298 4
9985 4
11022 4
6565 4
1384 4
27396 4
24603 4
3755 4
25559 4
17748 4
20658 4
20655 4
12218 4
18433 4
18765 4
14265 4
20079 4
18167 4
12674 4
15935 4
12588 4
10680 4
7542 4
2504 4
19631 4
21919 4
21243 4
14694 4
29137 4
28425 4
14526 4
28710 4
19335 4
22530 4
19026 4
17181 4
20676 4
14991 4
15622 4
3308 4
624 4
1228 4
23013 4
28876 4
4762 4
22522 4
642 4
10352 4
3273 4
21461 4
27856 4
18353 4
23649 4
2891 4
22356 4
3936 4
12076 4
23914 4
27204 4
16302 4
27939 4
7975 4
17417 4
25193 4
20854 4
17090 4
26860 4
24004 4
24341 4
11078 4
8410 4
8090 4
12528 4
3852 4
2382 4
2762 4
7309 4
21400 4
20480 4
10026 4
21686 4
10240 4
15145 4
2942 4
12886 4
26633 4
24669 4
3847 4
16140 4
6738 4
10627 4
14157 4
22894 4
27466 4
7611 4
29095 4
22179 4
27257 4
13749 4
2568 4
17330 4
10646 4
22958 4
9829 4
29269 4
23143 4
17920 4
17926 4
5377 4
23779 4
1257 4
15320 4
24685 4
24446 4
22131 4
13772 4
17691 4
16986 4
9213 4
17581 4
3553 4
17096 4
18672 4
19029 4
15405 4
4662 4
15350 4
3417 4
6839 4
6328 4
1438 4
23465 4
21152 4
1507 4
22337 4
11528 4
24730 4
25267 4
9472 4
19951 4
24841 4
20162 4
6319 4
18879 4
9782 4
4491 4
14930 4
18290 4
1357 4
3185 4
25927 4
3980 4
16609 4
21916 4
13551 4
12395 4
18466 4
18465 4
8775 4
7086 4
27191 4
23621 4
476 4
16075 3
11543 3
8166 3
19405 3
22711 3
26159 3
19570 3
20747 3
6051 3
21294 3
10144 3
20529 3
3510 3
20411 3
14240 3
23508 3
5539 3
14407 3
686 3
1577 3
23612 3
24415 3
28180 3
26561 3
23878 3
16399 3
2455 3
25982 3
10622 3
10404 3
24170 3
18947 3
14894 3
6815 3
14097 3
27817 3
3350 3
27540 3
26815 3
18628 3
23515 3
5506 3
696 3
22029 3
19284 3
25605 3
6680 3
16836 3
21632 3
16500 3
7990 3
6193 3
3534 3
18436 3
20073 3
10188 3
9487 3
15114 3
23676 3
24083 3
22032 3
24964 3
6767 3
19582 3
17514 3
10171 3
16913 3
20449 3
19514 3
10194 3
20047 3
20045 3
28727 3
6985 3
14695 3
28401 3
18084 3
1237 3
24590 3
19337 3
27135 3
14363 3
21094 3
7822 3
27795 3
7070 3
20257 3
7221 3
9175 3
22836 3
20457 3
7927 3
1950 3
7314 3
21501 3
4060 3
1131 3
5661 3
8296 3
3874 3
15 3
4169 3
19037 3
12686 3
2524 3
11665 3
24966 3
11461 3
25792 3
26270 3
25212 3
6255 3
22995 3
15637 3
10928 3
24032 3
24039 3
13135 3
27426 3
5652 3
2898 3
15498 3
22607 3
9814 3
4154 3
16768 3
24825 3
25510 3
11670 3
6395 3
12257 3
9548 3
2179 3
20858 3
516 3
2609 3
10780 3
20668 3
14956 3
18697 3
15150 3
24340 3
27446 3
23108 3
23103 3
20338 3
19126 3
23364 3
9936 3
19277 3
6656 3
11682 3
20625 3
1849 3
27879 3
18689 3
13115 3
1051 3
14817 3
23115 3
22795 3
21833 3
2570 3
6737 3
7910 3
20121 3
7356 3
13216 3
10395 3
15514 3
24258 3
7613 3
12433 3
27670 3
4125 3
28124 3
5680 3
19217 3
22148 3
16082 3
10868 3
19509 3
18231 3
2589 3
16421 3
20158 3
7408 3
10489 3
1245 3
13067 3
20579 3
13179 3
18647 3
6876 3
15761 3
28453 3
8138 3
26083 3
15179 3
7737 3
778 3
14276 3
17783 3
1040 3
25027 3
12182 3
27334 3
17690 3
21146 3
17214 3
10678 3
8625 3
18251 3
4326 3
14593 3
7706 3
29147 3
29146 3
10038 3
23321 3
25908 3
16534 3
2347 3
25272 3
17661 3
943 3
7386 3
13480 3
23584 3
20359 3
29330 3
15527 3
588 3
5230 3
13971 3
13975 3
451 3
19557 3
6133 3
24844 3
24193 3
26006 3
10617 3
5098 3
5099 3
16126 3
18612 3
1644 3
28788 3
12964 3
28784 3
8107 3
5883 3
12541 3
15269 3
25920 3
28945 3
22691 3
26585 3
16606 3
16603 3
3102 3
19855 3
23857 3
22583 3
282 3
3760 3
16464 3
25295 3
21911 3
21914 3
17391 3
17024 3
22688 3
11605 3
9083 3
9317 3
29224 3
12033 3
18592 3
569 3
15096 3
3178 3
18281 3
15259 3
15383 3
23628 3
12557 3
15075 3
7465 3
16077 2
11380 2
17297 2
26571 2
349 2
16499 2
22482 2
16383 2
2260 2
17478 2
6379 2
18456 2
24088 2
17725 2
10560 2
21431 2
17823 2
14399 2
29385 2
15441 2
18149 2
18145 2
28360 2
8763 2
13836 2
5625 2
1370 2
28966 2
22473 2
25052 2
12717 2
22016 2
10268 2
4626 2
11151 2
16396 2
14161 2
26962 2
6817 2
18936 2
15678 2
24551 2
14342 2
13848 2
28174 2
28508 2
5009 2
360 2
23939 2
6770 2
27390 2
16013 2
25135 2
2197 2
25427 2
11748 2
21206 2
22110 2
15022 2
9504 2
5053 2
1816 2
7208 2
26954 2
13079 2
24178 2
1151 2
29125 2
7235 2
17995 2
17991 2
28435 2
28347 2
530 2
14515 2
422 2
7541 2
6160 2
27128 2
12762 2
11791 2
16821 2
26050 2
11645 2
9512 2
17572 2
21404 2
819 2
13247 2
10207 2
15315 2
29247 2
14451 2
8737 2
6500 2
11345 2
6434 2
19021 2
25402 2
22759 2
22757 2
23936 2
16362 2
27955 2
3799 2
16961 2
27483 2
27487 2
14393 2
14069 2
14065 2
1752 2
18412 2
14209 2
9018 2
12143 2
14192 2
9389 2
14446 2
18027 2
18743 2
1008 2
1003 2
13878 2
622 2
28382 2
23232 2
7762 2
22523 2
5803 2
201 2
19928 2
17372 2
11793 2
7184 2
8643 2
22043 2
21869 2
16373 2
3091 2
1827 2
16974 2
6823 2
14055 2
833 2
22993 2
20595 2
11939 2
12910 2
15631 2
7025 2
2350 2
28463 2
24359 2
26989 2
26987 2
500 2
10670 2
12865 2
7704 2
26674 2
11323 2
9398 2
16454 2
29213 2
27112 2
28117 2
10810 2
11677 2
6394 2
16944 2
7976 2
21217 2
13307 2
5696 2
917 2
21495 2
11812 2
15805 2
24344 2
3423 2
29410 2
15570 2
5643 2
28276 2
19121 2
8307 2
12520 2
23698 2
22769 2
21067 2
19874 2
21990 2
17319 2
10102 2
3586 2
9489 2
21209 2
905 2
6077 2
14030 2
23736 2
13795 2
21050 2
3457 2
10247 2
22880 2
13118 2
15814 2
14818 2
749 2
24332 2
14493 2
14360 2
14495 2
7988 2
619 2
28045 2
27044 2
15368 2
3937 2
19466 2
26404 2
22321 2
26408 2
20367 2
13754 2
25750 2
22459 2
4543 2
27063 2
13891 2
2593 2
10306 2
21283 2
6597 2
23457 2
1918 2
17058 2
26138 2
14976 2
18371 2
29275 2
18523 2
22218 2
7244 2
21946 2
1688 2
15515 2
28909 2
12431 2
4238 2
15192 2
1721 2
11201 2
9916 2
24477 2
24474 2
25323 2
12647 2
2693 2
22099 2
10866 2
16331 2
26254 2
8696 2
17114 2
9136 2
14019 2
3433 2
27895 2
13174 2
1788 2
11194 2
5190 2
6877 2
17393 2
1093 2
3135 2
27524 2
7248 2
1415 2
28930 2
27060 2
13911 2
28333 2
26698 2
26422 2
25332 2
13771 2
6118 2
10929 2
25246 2
25245 2
13588 2
21815 2
11725 2
24865 2
6021 2
21819 2
12364 2
12368 2
28011 2
9072 2
11604 2
1797 2
24307 2
599 2
27600 2
29528 2
25020 2
13903 2
13909 2
9842 2
15400 2
9846 2
12162 2
5776 2
39 2
5573 2
14471 2
29149 2
28323 2
23895 2
15686 2
19052 2
25909 2
22439 2
5955 2
10847 2
19457 2
5799 2
11404 2
12754 2
4918 2
9209 2
14227 2
10282 2
9665 2
7446 2
13394 2
18665 2
5310 2
8758 2
12996 2
28790 2
9192 2
4262 2
3702 2
3886 2
7400 2
26595 2
24732 2
19882 2
3626 2
22594 2
4479 2
16276 2
16279 2
6007 2
7390 2
120 2
3403 2
9651 2
20694 2
8966 2
6820 2
10543 2
14935 2
387 2
29547 2
5557 2
25857 2
29163 2
12811 2
15069 2
7474 2
22106 2
22095 2
13701 2
3983 2
3564 2
19897 2
11773 2
2251 2
24184 2
20756 2
2674 2
14381 2
2927 2
29311 2
3210 2
18912 2
3171 2
24225 2
29001 2
6947 2
1563 2
28754 2
4447 1
23999 1
4313 1
22668 1
29331 1
13738 1
19496 1
24711 1
14924 1
7511 1
22266 1
27429 1
6796 1
290 1
28859 1
3771 1
16708 1
16258 1
17254 1
2442 1
2440 1
17037 1
8751 1
22900 1
4813 1
21927 1
9639 1
17728 1
8230 1
3513 1
16929 1
6203 1
2685 1
26971 1
16470 1
29363 1
29364 1
90 1
9180 1
24230 1
17822 1
5458 1
27572 1
20256 1
18632 1
27437 1
9189 1
26 1
28696 1
17470 1
510 1
14400 1
8764 1
684 1
29103 1
8500 1
26624 1
24412 1
27763 1
1372 1
8495 1
28744 1
28961 1
28747 1
19837 1
2960 1
5995 1
1229 1
10882 1
4038 1
22672 1
26568 1
26564 1
19365 1
16668 1
12713 1
22018 1
12715 1
23872 1
13618 1
25666 1
20535 1
26938 1
21112 1
4620 1
25433 1
16243 1
24515 1
9535 1
25544 1
170 1
16808 1
4538 1
4531 1
3697 1
7980 1
21931 1
15359 1
11628 1
10153 1
7335 1
10390 1
27961 1
17756 1
13193 1
21730 1
4651 1
23423 1
8375 1
29377 1
14091 1
21426 1
3239 1
13274 1
13265 1
8842 1
5077 1
7668 1
28519 1
7495 1
5441 1
18626 1
18627 1
1140 1
23049 1
8154 1
24554 1
5503 1
23604 1
23606 1
23601 1
12792 1
8020 1
11449 1
5619 1
15058 1
5613 1
414 1
7685 1
7680 1
3476 1
4845 1
22649 1
11561 1
11563 1
19340 1
22027 1
22023 1
16124 1
19358 1
19601 1
23868 1
24606 1
22732 1
22619 1
19596 1
20721 1
19829 1
13457 1
11638 1
2734 1
2730 1
5299 1
9181 1
12216 1
26959 1
14645 1
14648 1
29344 1
9291 1
24177 1
13077 1
1975 1
2160 1
13270 1
8856 1
2846 1
24638 1
325 1
15116 1
28348 1
1554 1
2990 1
27707 1
6511 1
28728 1
420 1
22382 1
23706 1
15334 1
4294 1
13986 1
11357 1
23381 1
24764 1
19346 1
19612 1
12734 1
28297 1
19294 1
6765 1
9972 1
25637 1
25634 1
21135 1
12022 1
19902 1
2217 1
27700 1
14626 1
16823 1
17510 1
5764 1
25095 1
13464 1
26054 1
16112 1
17771 1
9609 1
10172 1
12410 1
16296 1
27942 1
20661 1
10373 1
1807 1
3787 1
8991 1
4997 1
4993 1
6236 1
27497 1
14072 1
7304 1
1525 1
24167 1
3255 1
13244 1
26837 1
15618 1
1492 1
1493 1
7042 1
5469 1
15858 1
29284 1
6988 1
15921 1
25887 1
25881 1
15106 1
15105 1
18379 1
28409 1
3027 1
1017 1
12599 1
2526 1
4354 1
4351 1
15200 1
15034 1
22884 1
14819 1
432 1
23487 1
3800 1
23245 1
14304 1
15322 1
5706 1
747 1
6438 1
23393 1
28665 1
28669 1
7555 1
4171 1
21519 1
5818 1
24627 1
19757 1
27133 1
19751 1
17346 1
19938 1
14496 1
25714 1
25715 1
5357 1
141 1
20701 1
21091 1
16696 1
17574 1
2535 1
17167 1
22833 1
22837 1
2156 1
9566 1
12271 1
10745 1
6246 1
14665 1
7311 1
12307 1
2713 1
12300 1
26843 1
15620 1
7038 1
20291 1
1713 1
4316 1
20055 1
14194 1
28553 1
18185 1
18183 1
24562 1
7780 1
14339 1
26991 1
17978 1
17972 1
18744 1
1006 1
29388 1
25309 1
28381 1
15004 1
14531 1
26667 1
22633 1
8479 1
6400 1
8187 1
19328 1
26712 1
3901 1
23274 1
11487 1
26459 1
9959 1
5807 1
16599 1
23900 1
22991 1
2233 1
2234 1
29068 1
10821 1
7812 1
19885 1
3492 1
13402 1
13404 1
13409 1
20695 1
4605 1
4888 1
10350 1
4887 1
17405 1
25219 1
17402 1
16975 1
2410 1
9712 1
834 1
8885 1
21460 1
2358 1
7367 1
12316 1
11931 1
27139 1
28625 1
12827 1
9000 1
27583 1
10225 1
18572 1
27333 1
15943 1
2438 1
5621 1
28181 1
18351 1
20334 1
25948 1
7150 1
20716 1
18759 1
29422 1
27739 1
5650 1
2896 1
1106 1
16988 1
23731 1
3866 1
11324 1
7572 1
799 1
4794 1
5832 1
5833 1
9922 1
22194 1
13461 1
19005 1
19262 1
25098 1
11272 1
11785 1
11780 1
11573 1
25770 1
13411 1
16301 1
7080 1
6398 1
11676 1
6393 1
2394 1
20816 1
3000 1
20611 1
4892 1
17418 1
2722 1
16783 1
16782 1
1852 1
21186 1
20850 1
28135 1
14821 1
10781 1
21693 1
840 1
8890 1
27515 1
10183 1
20589 1
24194 1
27593 1
18690 1
18698 1
27946 1
18501 1
15153 1
3999 1
27443 1
5349 1
29418 1
8074 1
26643 1
3101 1
1115 1
1440 1
6331 1
13783 1
22613 1
23587 1
11319 1
27389 1
7583 1
3924 1
8304 1
6726 1
6665 1
15203 1
22184 1
7312 1
22168 1
6652 1
16174 1
5914 1
26676 1
16319 1
25990 1
16312 1
2542 1
27304 1
2388 1
12790 1
27908 1
27903 1
16403 1
17135 1
7907 1
12240 1
25439 1
12243 1
9558 1
20822 1
20825 1
14039 1
20955 1
1909 1
21338 1
16242 1
2463 1
14960 1
14969 1
14784 1
26877 1
11850 1
25474 1
20551 1
24018 1
21539 1
29242 1
21533 1
18516 1
743 1
15784 1
27492 1
11594 1
14597 1
2853 1
12888 1
26655 1
15567 1
8425 1
23209 1
22371 1
28911 1
1557 1
15751 1
27 1
20 1
6473 1
12731 1
9834 1
23116 1
28765 1
7757 1
1700 1
8334 1
28827 1
19061 1
28340 1
4580 1
23680 1
7475 1
24461 1
27403 1
25352 1
16091 1
25683 1
174 1
26318 1
26034 1
22087 1
25752 1
19661 1
25535 1
17237 1
13431 1
4542 1
26228 1
11452 1
2373 1
8233 1
9124 1
27912 1
20636 1
13320 1
1878 1
7914 1
9824 1
20831 1
1122 1
9589 1
9230 1
18078 1
22964 1
11256 1
10276 1
27290 1
5197 1
10272 1
5213 1
14153 1
20549 1
21548 1
14806 1
18835 1
14809 1
13106 1
18522 1
14483 1
14373 1
6863 1
5369 1
1681 1
3162 1
1260 1
661 1
14574 1
11058 1
24602 1
20641 1
3126 1
7612 1
18082 1
5751 1
11781 1
3941 1
11204 1
9912 1
24674 1
27789 1
2699 1
25329 1
446 1
22142 1
13633 1
4052 1
4051 1
16155 1
16148 1
25789 1
6724 1
24924 1
17331 1
21221 1
9131 1
17445 1
10647 1
27659 1
4443 1
25252 1
16420 1
967 1
4938 1
24816 1
11730 1
10004 1
27927 1
20798 1
878 1
1242 1
5218 1
10269 1
10464 1
14163 1
21554 1
18829 1
18312 1
26789 1
28662 1
17922 1
29463 1
29464 1
13007 1
1670 1
16335 1
4336 1
14588 1
23026 1
28024 1
7606 1
23561 1
1325 1
12420 1
4209 1
6909 1
19772 1
23171 1
22555 1
22220 1
8359 1
19049 1
27794 1
25336 1
6606 1
22421 1
14278 1
23791 1
26332 1
28490 1
12181 1
21962 1
7936 1
140 1
17459 1
21783 1
21326 1
17147 1
10072 1
20145 1
22946 1
17584 1
12160 1
4587 1
14174 1
21563 1
10106 1
24048 1
3552 1
21768 1
8901 1
8622 1
6840 1
17912 1
27400 1
5306 1
8234 1
6599 1
1526 1
14756 1
7631 1
29407 1
29032 1
447 1
8691 1
23094 1
24628 1
16033 1
1246 1
28815 1
22235 1
4102 1
11225 1
26434 1
7410 1
7417 1
22305 1
17337 1
5320 1
25305 1
25656 1
6461 1
6617 1
10848 1
13762 1
11534 1
5797 1
13258 1
12198 1
6101 1
16621 1
25101 1
16997 1
9445 1
13370 1
2122 1
13579 1
17261 1
6039 1
27777 1
11923 1
15353 1
6037 1
19455 1
139 1
17002 1
21377 1
16845 1
16849 1
6321 1
14104 1
5590 1
11026 1
17718 1
21770 1
4486 1
10596 1
27674 1
5334 1
2908 1
11888 1
17905 1
20196 1
20190 1
5314 1
14922 1
8149 1
26694 1
8202 1
7620 1
28797 1
2835 1
28793 1
7628 1
27505 1
27509 1
20228 1
14724 1
15414 1
26745 1
7719 1
11159 1
25866 1
23157 1
23881 1
22204 1
12576 1
15257 1
24429 1
25917 1
28770 1
22113 1
25648 1
752 1
4913 1
11524 1
9894 1
26493 1
13620 1
25735 1
14319 1
21909 1
15791 1
25266 1
2574 1
9471 1
21481 1
22365 1
24849 1
24848 1
9273 1
10056 1
20164 1
3409 1
17013 1
7957 1
365 1
9883 1
2060 1
4418 1
9301 1
29231 1
20505 1
18872 1
5093 1
22853 1
6825 1
16653 1
8005 1
20349 1
29301 1
20188 1
23943 1
18901 1
8818 1
15089 1
577 1
12969 1
28780 1
1420 1
14739 1
13955 1
6242 1
25854 1
29319 1
11143 1
13484 1
29167 1
26307 1
8365 1
13665 1
10983 1
12812 1
23189 1
13815 1
15065 1
28163 1
28164 1
22328 1
5876 1
24430 1
24856 1
28769 1
16519 1
19722 1
25676 1
23455 1
4012 1
4014 1
7500 1
350 1
27779 1
22076 1
13635 1
2326 1
15975 1
3766 1
17206 1
24989 1
24984 1
6019 1
13556 1
17242 1
24180 1
5152 1
5157 1
18962 1
25423 1
22911 1
4802 1
9464 1
2072 1
6303 1
27985 1
22756 1
5087 1
22864 1
5736 1
9794 1
2929 1
9611 1
6836 1
15899 1
5336 1
1630 1
23622 1
18982 1
23571 1
8778 1
18946 1
18286 1
14250 1
12978 1
3174 1
24402 1
7083 1
3377 1
9806 1
6465 1
11172 1
24538 1
11177 1
28378 1
11178 1
8390 1
13820 1
8000 1
15074 1
28190 1
6548 1
1366 1
471 1
28756 1
28976 1
